sine
0.195090322
0.382683432
0.555570233
0.707106781
0.831469612
0.923879533
0.98078528
1
0.98078528
0.923879533
0.831469612
0.707106781
0.555570233
0.382683432
0.195090322
-7.65664E-16
-0.195090322
-0.382683432
-0.555570233
-0.707106781
-0.831469612
-0.923879533
-0.98078528
-1
-0.98078528
-0.923879533
-0.831469612
-0.707106781
-0.555570233
-0.382683432
-0.195090322
4.19586E-15
0.195090322
0.382683432
0.555570233
0.707106781
0.831469612
0.923879533
0.98078528
1
0.98078528
0.923879533
0.831469612
0.707106781
0.555570233
0.382683432
0.195090322
-1.40881E-15
-0.195090322
-0.382683432
-0.555570233
-0.707106781
-0.831469612
-0.923879533
-0.98078528
-1
-0.98078528
-0.923879533
-0.831469612
-0.707106781
-0.555570233
-0.382683432
-0.195090322
-9.37184E-15
0.195090322
0.382683432
0.555570233
0.707106781
0.831469612
0.923879533
0.98078528
1
0.98078528
0.923879533
0.831469612
0.707106781
0.555570233
0.382683432
0.195090322
2.01525E-14
-0.195090322
-0.382683432
-0.555570233
-0.707106781
-0.831469612
-0.923879533
-0.98078528
-1
-0.98078528
-0.923879533
-0.831469612
-0.707106781
-0.555570233
-0.382683432
-0.195090322
-2.91568E-14
0.195090322
0.382683432
0.555570233
0.707106781
0.831469612
0.923879533
0.98078528
1
0.98078528
0.923879533
0.831469612
0.707106781
0.555570233
0.382683432
0.195090322
3.99375E-14
-0.195090322
-0.382683432
-0.555570233
-0.707106781
-0.831469612
-0.923879533
-0.98078528
-1
-0.98078528
-0.923879533
-0.831469612
-0.707106781
-0.555570233
-0.382683432
-0.195090322
-5.07181E-14
0.195090322
0.382683432
0.555570233
0.707106781
0.831469612
0.923879533
0.98078528
1
0.98078528
0.923879533
0.831469612
0.707106781
0.555570233
0.382683432
0.195090322
6.14988E-14
-0.195090322
-0.382683432
-0.555570233
-0.707106781
-0.831469612
-0.923879533
-0.98078528
-1
-0.98078528
-0.923879533
-0.831469612
-0.707106781
-0.555570233
-0.382683432
-0.195090322
-7.22794E-14
0.195090322
0.382683432
0.555570233
0.707106781
0.831469612
0.923879533
0.98078528
1
0.98078528
0.923879533
0.831469612
0.707106781
0.555570233
0.382683432
0.195090322
8.30601E-14
-0.195090322
-0.382683432
-0.555570233
-0.707106781
-0.831469612
-0.923879533
-0.98078528
-1
-0.98078528
-0.923879533
-0.831469612
-0.707106781
-0.555570233
-0.382683432
-0.195090322
-9.38407E-14
0.195090322
0.382683432
0.555570233
0.707106781
0.831469612
0.923879533
0.98078528
1
0.98078528
0.923879533
0.831469612
0.707106781
0.555570233
0.382683432
0.195090322
1.04621E-13
-0.195090322
-0.382683432
-0.555570233
-0.707106781
-0.831469612
-0.923879533
-0.98078528
-1
-0.98078528
-0.923879533
-0.831469612
-0.707106781
-0.555570233
-0.382683432
-0.195090322
-1.15402E-13
0.195090322
0.382683432
0.555570233
0.707106781
0.831469612
0.923879533
0.98078528
1
0.98078528
0.923879533
0.831469612
0.707106781
0.555570233
0.382683432
0.195090322
1.26183E-13
-0.195090322
-0.382683432
-0.555570233
-0.707106781
-0.831469612
-0.923879533
-0.98078528
-1
-0.98078528